Location	Lat	Long	wtsi-yam	other-yam	wtsi-vic	other-vic
AUCKLAND	-36.84846	174.763332	0	3	0	0
Adana	37	35.321333	1	0	0	0
Agadir	30.427755	-9.598107	0	0	1	0
Aichi	35.180188	136.906565	0	0	0	1
AixenProvence	43.529742	5.447427	0	0	1	0
Akita	39.720008	140.102564	0	0	0	1
Alabama	32.3182314	-86.902298	0	3	0	1
Alaska	64.200841	-149.493673	0	12	0	1
Alberta	53.9332706	-116.5765035	0	1	0	0
Algeria	28.033886	1.659626	1	0	0	0
Andalucia	37.544271	-4.727753	0	0	1	0
AnhuiHuashan	29.714656	118.337482	0	1	0	0
AnhuiLuyang	31.878641	117.264595	0	0	0	1
Ankara	39.92077	32.85411	1	0	1	0
AnnArbor	42.280826	-83.743038	0	1	0	0
Antalya	36.88414	30.70563	1	0	0	0
Argentina	-38.416097	-63.616672	0	2	0	0
Arizona	34.048928	-111.093731	0	1	0	1
Arkansas	35.20105	-91.8318334	0	2	0	3
Arkhangelsk	64.5472507	40.5601553	0	1	0	0
Astrakhan	46.323611	48.036667	0	0	1	0
Athens	37.983917	23.72936	0	0	1	0
Athens_GR	37.9838096	23.7275388	4	0	2	0
Attecoube	5.336246	-4.041446	1	0	1	0
Auckland	-36.84846	174.763332	0	20	0	34
Austria	47.516231	14.550072	1	0	0	0
BRISBANE	-27.471011	153.023449	0	2	0	0
BadenWurttemberg	48.661604	9.350134	2	0	0	0
Bahrain	26.0667	50.5577	0	4	0	0
Bangkok	13.727896	100.524123	0	3	0	0
Bangladesh	23.684994	90.356331	1	3	0	1
Bayern	48.790447	11.497889	0	0	1	0
Beijing	39.90403	116.407526	0	1	0	0
BeijingHuairou	40.31657	116.63196	0	1	0	0
BeijingXicheng	39.912289	116.365868	0	4	0	3
Belgium	50.503887	4.469936	2	0	1	0
Berlin	52.520007	13.404954	3	0	1	0
Blida	36.479244	2.807864	1	0	1	0
Boston	42.358431	-71.059773	0	10	0	30
Braga_PT	41.5454486	-8.426507	1	0	0	0
Brazil	-14.235004	-51.92528	0	2	0	0
Bretagne	48.202047	-2.932644	2	0	0	0
Brisbane	-27.471011	153.023449	0	85	1	142
Brussels	50.85034	4.35171	1	0	1	0
Bucharest	44.4325	26.103889	0	1	0	0
Bucuresti	44.4325	26.103889	1	0	0	0
BuenosAires	-34.603723	-58.381593	1	0	1	0
Bulgaria	42.733883	25.48583	0	0	1	0
Burgos	42.343993	-3.696906	0	0	1	0
CANBERRA	-35.282	149.128684	0	0	0	1
CHRISTCHURCH	-43.532054	172.636225	0	1	0	0
Caen	49.182863	-0.370679	1	0	0	0
California	36.778261	-119.417932	0	19	0	10
Cambodia	12.565679	104.990963	0	1	0	0
Cameroon	7.369722	12.354722	0	0	5	0
CameroonLEID	7.369722	12.354722	0	0	1	0
Canada	56.130366	-106.346771	0	1	0	0
Catalonia	41.591159	1.520862	2	0	0	0
Centre	47.751569	1.675063	0	0	1	0
Ceuta	35.889387	-5.321346	0	0	2	0
Chantaburi	12.61134	102.103855	0	1	0	0
Chicago	41.878114	-87.629798	0	7	0	0
Chile	-35.675147	-71.542969	0	1	0	0
ChongqingJiulongpo	29.502302	106.510816	0	0	0	1
ChongqingWanzhou	30.807823	108.408746	0	2	0	2
ChongqingYuzhong	29.55275	106.568892	0	0	0	1
Christchurch	-43.532054	172.636225	0	37	0	24
Colombia	4.570868	-74.297333	0	1	0	0
Colorado	39.550051	-105.782067	0	4	0	3
Concepcion	-36.8201352	-73.0443904	0	1	0	0
Connecticut	41.603221	-73.087749	0	6	0	1
CotedIvoire	7.539989	-5.54708	0	0	3	0
Crete_GR	35.240117	24.8092691	0	0	1	0
Crimea	44.952117	34.102417	0	0	1	0
CzechRep	49.817492	15.472962	0	0	1	0
Czechoslovakia	49.817492	15.472962	0	0	0	1
DARWIN	-12.462827	130.841777	0	0	0	1
Dakar	14.764504	-17.366029	4	0	9	0
Delaware	38.9108325	-75.5276699	0	2	0	1
Denmark	56.26392	9.501785	2	0	3	0
Djibouti	11.825138	42.590275	0	0	1	0
Dnepropetrovsk	48.464717	35.046183	0	0	3	0
Dnipro	48.464717	35.046183	0	2	0	0
Doneck	48.015883	37.80285	0	0	1	0
Donetsk	48.015883	37.80285	0	0	3	0
Dunedin	-45.87876	170.502798	0	0	0	1
Egypt	26.820553	30.802498	0	1	3	0
Ekaterinburg	56.8389261	60.6057025	0	1	0	0
England	52.355518	-1.17432	10	0	10	0
Estonia	58.595272	25.013607	2	0	1	0
Ethiopia	9.145	40.489673	0	1	0	0
Finland	61.92411	25.748151	2	0	1	0
Florida	27.664827	-81.515754	0	9	0	6
Formosa	-26.185201	-58.17537	0	0	1	0
FujianCangshan	23.701262	117.430061	0	1	0	1
FujianGulou	26.082593	119.304217	0	0	0	2
FujianLicheng	24.907581	118.586884	0	0	0	1
FujianMeilie	26.271711	117.645856	0	1	0	0
FujianXiangcheng	24.510787	117.654004	0	1	0	0
FujianXianyou	25.362094	118.691601	0	0	0	1
GansuChengguan	36.057257	103.825206	0	1	0	0
Genoa	44.40565	8.946256	0	0	1	0
Georgia	32.165622	-82.900075	0	7	4	3
Ghana	7.946527	-1.023194	6	0	5	0
GuangdongChikan	21.266119	110.3659	0	1	0	1
GuangdongDongguanbendi	23.020536	113.751765	0	1	0	0
GuangdongHuicheng	23.084122	114.382541	0	0	0	1
GuangdongLiwan	23.125981	113.244261	0	1	0	0
GuangdongLuohu	22.548171	114.131772	0	1	0	0
GuangxiXixiangtang	22.833933	108.313528	0	1	0	2
Guangzhou	23.129163	113.264435	0	1	0	0
Guatemala	15.783471	-90.230759	0	1	0	0
GuizhouNanming	26.568192	106.71428	0	0	0	1
Gunma	36.3906675	139.0604061	0	4	0	1
Guyane	3.933889	-53.125782	2	0	0	0
Harbin	45.803775	126.534967	0	1	0	0
Hawaii	19.896766	-155.582782	0	6	0	13
HeilongjiangGongnong	47.318781	130.274684	0	1	0	0
HenanNanzhaoling	33.4902	112.429305	0	1	0	0
Hmelnizk	49.422983	26.987133	0	0	2	0
Hokkaido	43.0646147	141.3468074	0	4	0	0
HongKong	22.396428	114.109497	10	8	13	14
Houston	29.760193	-95.36939	0	19	0	11
HubeiWuchang	30.55412	114.316082	0	1	0	0
HubeiWujiagang	30.644066	111.360765	0	2	0	0
HunanBeihu	25.784054	113.011035	0	1	0	0
HunanHecheng	27.578926	110.040315	0	0	0	1
HunanHengnan	26.738248	112.677877	0	0	0	1
HunanLouxing	27.729924	112.001936	0	0	0	1
HunanLusong	27.785098	113.152099	0	1	0	1
HunanSuxian	25.80037	113.042441	0	0	0	2
HunanYuhu	27.85625	112.907238	0	1	0	0
HunanYuhua	28.135667	113.035693	0	1	0	2
Iasi	47.156944	27.590278	0	0	1	0
Iceland	64.963051	-19.020835	0	0	3	0
Idaho	44.0682019	-114.7420408	0	1	0	2
Illinois	40.633125	-89.398528	0	4	0	7
Indiana	40.267194	-86.134902	0	2	0	4
Iowa	41.878003	-93.097702	0	7	0	2
Ireland	53.41291	-8.24389	3	0	6	0
Irkutsk	52.2869741	104.3050183	0	1	0	0
Isahaya	32.8434379	130.0530952	0	0	0	2
Israel	31.046051	34.851612	1	0	3	0
Jiangsu	32.061707	118.763232	0	2	0	0
JiangsuBeitang	31.606076	120.293997	0	1	0	1
JiangsuChongchuan	32.009875	120.857434	0	0	0	1
JiangsuNanjinggulou	32.066336	118.76979	0	0	0	1
JiangsuPizhou	34.338888	118.012531	0	0	0	1
JiangsuQuanshan	34.244258	117.193806	0	1	0	0
JiangsuXinpu	34.60536	119.176387	0	1	0	0
JiangxiDonghu	28.685085	115.899262	0	0	0	1
Jilin	43.837883	126.549572	0	1	0	0
Johanneburg	-26.204103	28.047305	0	0	1	0
Johannesburg	-26.204103	28.047305	4	3	4	0
Jordan	30.585164	36.238414	0	0	3	0
Kansas	39.011902	-98.4842465	0	2	0	0
Kazakhstan	48.019573	66.923684	0	6	1	0
Kentucky	37.8393332	-84.2700179	0	2	0	0
Kenya	-0.023559	37.906193	0	1	0	0
Kharkov	49.9935	36.230383	0	1	2	0
Khmelnitsky	49.422983	26.987133	0	1	0	0
Konya	37.866667	32.483333	1	0	0	0
Kouchi	35.336649	139.310405	0	1	0	0
Kyoto	35.0116363	135.7680294	0	0	0	5
LaRioja	-29.4128	-66.85598	1	0	1	0
Laos	19.85627	102.495496	0	6	0	0
Latvia	56.879635	24.603189	3	0	2	0
Lefkada_GR	38.8333663	20.7069108	1	0	1	0
Linares	38.09691	-3.63698	1	0	0	0
Lisboa	38.722252	-9.139337	1	0	10	0
Lisboa_PT	38.7222524	-9.1393366	2	0	1	0
Lisbon	38.722252	-9.139337	0	1	0	0
Lorraine	48.874423	6.208093	1	0	1	0
LosAngeles	34.052234	-118.243685	0	0	0	2
Louisiana	30.9842977	-91.9623327	0	1	0	6
Lusaka	-15.416667	28.283333	0	0	3	0
Luxembourg	49.815273	6.129583	0	0	1	0
Lyon	45.764043	4.835659	2	0	3	0
LyonCHU	45.764043	4.835659	0	0	5	0
MIDCENTRAL	32.9349234	-97.2938874	0	1	0	0
Madagascar	-18.766947	46.869107	0	0	15	0
Maine	45.253783	-69.4454689	0	6	0	0
Malaysia	4.210484	101.975766	0	48	0	27
Malmoe	55.604981	13.003822	1	0	1	0
Malta	35.937496	14.375416	0	0	2	0
Managua	12.136389	-86.251389	0	24	0	33
Maryland	39.045755	-76.641271	0	4	0	1
Massachusetts	42.407211	-71.382437	1	2	0	2
Mauritius	-20.348404	57.552152	0	0	2	0
Memphis	35.149534	-90.04898	0	0	0	2
Mexico	23.634501	-102.552784	0	1	0	2
Michigan	44.314844	-85.602364	0	2	0	0
Mie	34.730283	136.508588	0	1	0	0
Milano	45.465422	9.185924	5	0	1	0
Minnesota	46.729553	-94.6858998	0	4	0	3
Minsk	53.9	27.566667	0	0	1	0
Mississippi	32.354668	-89.398528	0	3	0	10
Missouri	37.964253	-91.831833	0	1	0	4
Moldova	47.411631	28.369885	0	0	1	0
Montana	46.8796822	-110.3625658	0	2	0	1
Moscow	55.755826	37.6173	0	1	0	0
Murmansk	68.966667	33.083333	0	0	2	0
Myanmar	21.916221	95.955974	0	8	0	0
Nagasaki	32.7502856	129.877667	0	1	0	5
Nanchang	28.682892	115.858198	0	0	0	4
Navarra	42.695391	-1.676069	2	0	0	0
Nebraska	41.492537	-99.901813	0	6	0	2
Nepal	28.394857	84.124008	0	0	0	1
Netherlands	52.132633	5.291266	3	0	0	0
Nevada	38.8026097	-116.419389	0	4	0	7
NewHampshire	43.193852	-71.572395	0	6	0	0
NewJersey	40.058324	-74.405661	0	2	1	2
NewMexico	34.5199402	-105.8700901	0	0	0	3
NewYork	40.712784	-74.005941	0	177	0	155
Newcastle	54.978252	-1.61778	0	1	0	1
Nicaragua	12.865416	-85.207229	0	2	0	35
Niedersachsen	52.636704	9.845077	1	0	0	0
Nigeria	9.081999	8.675277	0	2	0	0
Niigata	37.9161924	139.0364126	0	8	0	4
Nonthaburi	13.8621125	100.5143528	0	0	0	1
NorthCarolina	35.7595731	-79.0192997	0	2	0	0
NorthDakota	47.5514926	-101.0020119	0	1	0	3
Norway	60.472024	8.468946	14	0	9	0
Novosibirsk	55.008353	82.935733	2	0	0	0
Odessa	46.482526	30.72331	0	5	3	0
Ohio	40.417287	-82.907123	0	6	0	3
Oita	33.239558	131.609272	0	2	0	0
Okinawa	26.2124013	127.6809317	0	1	0	0
Oklahoma	35.0077519	-97.092877	0	0	0	2
Oregon	43.8041334	-120.5542012	0	1	0	0
Osaka	34.693738	135.502165	0	0	0	1
Otago	-44.828004	169.634525	0	4	0	2
PERTH	-31.953004	115.857469	0	1	0	0
PHILIPPINES	12.879721	121.774017	0	0	0	1
PHUKET	7.8804479	98.3922504	0	1	0	0
PaisVasco	42.989625	-2.618927	1	0	0	0
Pakistan	30.375321	69.345116	0	3	0	0
Panama	8.537981	-80.782127	0	2	0	0
Paraguay	-23.442503	-58.443832	0	1	0	3
Paris	48.856614	2.352222	3	1	2	0
Parma	44.801485	10.327904	2	0	2	0
PaysdeLoire	47.763284	-0.329969	1	0	1	0
Pennsylvania	41.203322	-77.194525	0	9	0	2
Perth	-31.953004	115.857469	0	0	0	1
Peru	-9.189967	-75.015152	0	4	0	0
Perugia	43.110717	12.390828	1	0	0	0
Philippines	12.879721	121.774017	0	1	0	0
Poitiers	46.580224	0.340375	0	0	2	0
Porto	41.156689	-8.623925	1	0	0	0
Porto_PT	41.1579438	-8.6291053	1	0	0	0
PuntaArenas	9.9778439	-84.8294211	0	1	0	0
Qatar	25.354826	51.183884	0	0	2	0
Quebec	52.9399159	-73.5491361	0	1	0	0
Reims	49.258329	4.031696	0	0	1	0
RhodeIsland	41.5800945	-71.4774291	0	1	0	3
Roma	41.872389	12.48018	1	0	0	0
Romania	45.943161	24.96676	0	1	0	0
RostovOnDon	47.2357137	39.701505	0	1	0	0
Russia	61.52401	105.318756	0	1	0	0
Ryazan	54.6095418	39.7125857	0	0	0	1
SOUTHAUCKLAND	-36.84846	174.763332	0	1	0	0
SOUTHAUSTRALIA	-30.000231	136.209155	0	1	0	0
SRILANKA	7.873054	80.771797	0	0	0	1
SYDNEY	-33.867487	151.20699	0	0	0	1
Saarland	49.396423	7.022961	1	0	0	0
SachenAnhalt	51.950265	11.692274	0	0	1	0
Sachsen	51.104541	13.201738	0	0	1	0
SantaFe	35.686975	-105.937799	0	0	1	0
Santiago	42.8782132	-8.5448445	0	5	0	0
Serbia	44.016521	21.005859	1	0	3	0
ShaanxiBeilin	34.230761	108.934255	0	1	0	1
ShandongMudan	35.252512	115.417827	0	1	0	0
ShanghaiBaoshan	31.405457	121.489612	0	1	0	2
ShanghaiChongming	31.623587	121.397417	0	0	0	1
ShanghaiFengxian	30.917795	121.474042	0	0	0	1
ShanghaiHongkou	31.264579	121.505126	0	0	0	1
ShanghaiJingan	31.227935	121.447568	0	0	0	1
ShanghaiLuwan	31.204384	121.464007	0	3	0	3
ShanghaiPudongxin	31.250112	121.455508	0	2	0	0
ShanghaiPutuo	31.24984	121.395555	0	1	0	0
ShanghaiSongjiang	31.032243	121.227747	0	1	0	2
ShanghaiZhangning	31.220367	121.424629	0	2	0	0
Shizuoka	34.975562	138.38276	0	2	0	0
SichuanAnyue	30.09723	105.33569	0	1	0	0
SichuanJinjiang	30.656786	104.083355	0	0	0	1
SichuanQingyang	30.674131	104.061349	0	1	0	0
SichuanWenjiang	30.682203	103.856646	0	0	0	1
SichuanYucheng	30.005388	103.033112	0	1	0	0
Singapore	1.352083	103.819836	0	6	0	0
Sivas	39.747662	37.017879	0	0	1	0
Skuodas	56.270217	21.521433	0	0	1	0
Slovakia	48.669026	19.699024	0	0	2	0
Slovenia	46.151241	14.995463	0	0	4	0
SouthAuckland	-36.84846	174.763332	0	0	0	4
SouthCarolina	33.836081	-81.163724	0	7	0	3
St.Petersburg	59.9342802	30.3350986	0	0	0	1
StPetersburg	27.773056	-82.64	1	0	4	0
Stockholm	59.329323	18.068581	5	2	2	0
Sweden	60.128161	18.643501	1	1	0	0
Sydney	-33.867487	151.20699	0	67	0	127
Taiwan	23.69781	120.960515	0	20	0	18
Tanzania	-6.369028	34.888822	0	1	0	0
Tehran	35.696111	51.423056	1	0	1	0
Temple	31.098234	-97.342782	0	11	0	7
Tennessee	35.517491	-86.580447	0	3	0	22
Texas	31.968599	-99.901813	0	18	0	15
Thailand	15.870032	100.992541	0	10	0	32
Thuringen	47.198943	9.764442	1	0	0	0
TianjinBinhaixin	39.139842	117.769918	0	1	0	0
TianjinHedong	39.129499	117.251041	0	1	0	0
TianjinHexi	39.109563	117.223372	0	3	0	0
Townsville	-19.257622	146.817879	0	16	0	29
Trieste	45.649526	13.776818	2	0	0	0
Tucuman	-26.808285	-65.21759	1	0	1	0
Turkey	38.963745	35.243322	5	0	0	0
Uganda	1.373333	32.290275	0	2	0	0
Ukraine	48.379433	31.16558	0	1	5	0
UlanUde	51.833333	107.6	0	2	0	0
Utah	39.3209801	-111.0937311	0	6	0	6
VICTORIA	-37.471308	144.785153	0	1	0	3
Valladolid	41.652251	-4.724532	0	0	3	0
Valladolid10	41.663107	-4.705117	0	0	1	0
Vermont	44.5588028	-72.5778415	0	3	0	0
Victoria	-37.471308	144.785153	0	75	0	122
Vienna	48.2081743	16.3738189	0	1	0	0
Vietnam	14.058324	108.277199	0	3	0	3
Vilnius	54.687156	25.279651	0	0	2	0
Virginia	37.4315734	-78.6568942	0	6	0	0
Vitebsk	55.183333	30.166667	0	0	1	0
Waikato	-38.059426	175.437557	0	15	0	15
Washington	38.907192	-77.036871	1	11	0	3
Wellington	-41.28646	174.776236	0	21	0	22
Wisconsin	43.78444	-88.787868	0	24	0	6
Wyoming	43.0759678	-107.2902839	0	4	0	5
Yamagata	38.255439	140.339602	0	2	0	0
Yamanashi	35.693394	138.686914	0	2	0	0
Yaounde	3.866667	11.516667	1	0	3	0
Yaroslavl	57.6260744	39.8844708	0	0	0	1
Yopougon	5.334722	-4.07	2	0	0	0
Zamora	41.503471	-5.746788	0	0	1	0
Zaporizza	47.872444	35.001457	0	1	0	0
